00000000000000000000000000000000000000000000000000000000000000
00000000000000000000000000000000000000000000000000000000000000
00000000000000000000000000000000000000000000000000000000000000
00000000000000000000000000000000000000000000000000000000000000
00000000000000000000000000000000000000000000000000000000000000
00000000000000000000000000000000000000000000000000000000000000
00000000000000000000000000000000000000000000000000000000000000              
00000000000000000000000000000000000000000000000000000000000000
00000000000000000000000000000000000000000000000000000000000000
00000000000000000000000000000000000000000000000000000000000000
00000000000000000000000000000000000000000000000000000000000000
00000000000000000000000000000000000000000000000000000000000000
00000000000000000000000000000000000000000000000000000000000000                                                      
00000000000000000000000000000000000000000000000000000000000000
00000000000000000000000000000000200000000000000000000000000000000000000000000000000000011111111111111111111111111111111111111000000000000000000000000000000000000
00000000000000000000000000000000000300000000000000000000000000000000000000000000000000010000000000000000000000000000000000001
00000000000000000000000000000000000000000000000000000000000000000000000000000000000000010000000000000000000000000000000000001
000000000000000000000000000010111000000000000000000000000000000000000000000000000000000100000000011111111111111110000000000010000000000000000000
00000000000000000000000000000000100000000000000000000000000000000000000000000000000000010000000000000000000000001111110000001000000000000000000
000000000000000000000000000000001000000000000000000000000000000000000000000000000000000100000000000000000000000010000000000010000000000000000000
00000000000000000010000000000000100000000000000000000000000000000000000000000000000000011111111111111111000000001000000000011000                                1
0000000000000000001000000000000010000000000000000000000000000000100000000000000000000000000000000000000100000000100000000000100000
0000000000000000001000000000000010000000000000000001110000000001110000000000000000000000000000000000000100000011100011110000100000000000000000000000000000110000000000000000000100000000000000000000100000000000000000000100000000000000000000100000000000100000000001000000000100001000010000000000000000111000000000000000000000000000000000000000000000000000000000000000000000000000000000000000000000000000000000000000000000000000000000
000000000000000000100000000000001100000000000000000000000000001111100000000000000000000000000000000000000000000010000000000000000000000000000000000000000000000000000000000000000000000000000000000000000000000000000000000000000000000000000000000000000000000000000000000000000000000000000000000000000000000000000000000000000000000000000000000000000000000000000000000000000000000000000000000000000000000000000000000000000000000
00000000000000000010000000000000110000000000000000000000000001111111000000000000000000000000000000000000000000001000000000000000000000000000000000000000000000000000000000000000000000000000000000000000000000000000000000000000000000000000000000000000000000000000000000000000000000000000000000000000000000000000000000000000000001000000000000000000000000000000000000000000000000000000000000000000010000000000000000000000000000000000001
1111111111111111111111111111111111111111111111111111111111111111111111111111111111111111111111111111111111111111111111111111111111111111111111111111111111111111111111111111111111111111111111111111111111111111111111111111111111111111111111111111111111111111111111111111111111111111111111111111111111111111111111111111111111111111111111111111111111111111111111111111111111111111111111111111111111111111111111111111111111111111111111111111111111000000000010000000000000000000000000000010000000000000000011111111111111111111111111111111111111111111111111111111111111111111111111111111111111111111111111111111111111111111111111111111111111111111111111111111111111